# Created by Octave 5.2.0, Wed Oct 14 14:22:52 2020 GMT <unknown@DESKTOP-8H8A507>
# name: Ax
# type: scalar
0


# name: Ay
# type: scalar
0


# name: Bx
# type: scalar
1


# name: By
# type: scalar
0


# name: Cx
# type: scalar
0


# name: Cy
# type: scalar
1


# name: O
# type: matrix
# rows: 1
# columns: 2
 0 0


# name: P
# type: matrix
# rows: 1
# columns: 2
 4 3


# name: ans
# type: matrix
# rows: 0
# columns: 0


# name: v
# type: matrix
# rows: 1
# columns: 2000
 0.29360644117950979 0.90481264777489001 0.087404790914964156 0.76588541339480021 0.53613701541120529 0.017621895054961968 0.12445555615018437 0.73169764723640651 0.97523439488002639 0.97663416310517637 0.32275211001045417 0.99857463272035085 0.43527605295811517 0.61498859274532458 0.75490344590798863 0.8234972970242691 0.83932036127245868 0.45590780591415364 0.10127847975182751 0.75637598826982333 0.44696413180729938 0.049323587809865718 0.5324466704279609 0.21404529542874445 0.10731757793028034 0.078029688644565651 0.066645003137492373 0.16763050568207533 0.13865700520648366 0.18226452118699193 0.47987841296217554 0.047108049836559182 0.90875967567786198 0.054400500841547059 0.043734408622506368 0.84199977285280547 0.17826595844351573 0.91485972951260108 0.49247851477528265 0.2504448084541166 0.12052805124784009 0.26159973988705271 0.18340158049414107 0.65476375807702014 0.72068033056744318 0.077417817846803169 0.60499973011835828 0.98148726470688352 0.44009997631973902 0.34411384791288419 0.46559964856494301 0.80436262013940263 0.53108972381137243 0.61404838886645052 0.68479454465200373 0.59828720990773843 0.88681588763106578 0.80868376719052715 0.8152981430669306 0.11947090671712916 0.80851079368828815 0.43955407269433494 0.6080984029239036 0.33149072436003918 0.59593864179991596 0.53969162972592422 0.14875025910053269 0.14119734825257296 0.27140788740337135 0.32412927530471097 0.39683074634132048 0.10162846184839851 0.82948650867915041 0.74404741274441777 0.26218755097646579 0.11947174285521082 0.40338859260990151 0.022639830052223631 0.91892058182764658 0.55050429019226133 0.10982819562191075 0.14073594069481293 0.31370318590746565 0.066717463467808089 0.16967732120107354 0.78263310484394755 0.47961394668613316 0.52486541867832115 0.95714367655898858 0.33885334857942001 0.59853348507531834 0.40122286702031068 0.8038241565665547 0.60116625247605804 0.47838055714563871 0.095507521586770158 0.9672471884319207 0.11830894626388393 0.62676429873411044 0.044838964352777608 0.36773458122986852 0.30078352801593783 0.76441326152241784 0.79317698039857909 0.76961055459452599 0.40150734885084555 0.71915312402485065 0.46058343259455431 0.61175486650001598 0.51948236845341311 0.40080746174983345 0.18512859525023434 0.058475732049073678 0.89817783687664143 0.71257912572799809 0.45520578540268669 0.60455957569160168 0.4184870585597828 0.87934330989575082 0.40901097052245944 0.51401684216016852 0.62123745644062189 0.54357525461577105 0.29825914402351944 0.9923640206827854 0.64119216138522561 0.25589715787333495 0.061467709759808795 0.69800517760529823 0.033030129664348193 0.62239157831088243 0.076826307058265361 0.55879868337521721 0.025136688909554051 0.41028816668265927 0.22439485680325616 0.15541427418190606 0.70094349634054365 0.63603052662120252 0.78271257360129842 0.45622148925809919 0.59797673471724011 0.72064312856357526 0.033076402292751259 0.26133448826831635 0.67736452784362988 0.87421499369955824 0.0963715778892376 0.15271034822416391 0.098950800558498406 0.19330040944540744 0.88697124589138132 0.41369746918155276 0.74049512819699548 0.84832267371475145 0.15587720752495932 0.092008283399305599 0.3882756707960367 0.47303060840744954 0.57993512251527757 0.40283985984965592 0.083140270098842547 0.67203764236205366 0.82494354543538484 0.96663056803752956 0.072084367382453982 0.40073554517020976 0.016811573985128715 0.72424546900408959 0.99356956379147077 0.026987030310211369 0.85668974465149006 0.73998804598469037 0.46894953622120644 0.84897645053675008 0.69186959278920934 0.65877778361211226 0.99425506133383024 0.50255021141224243 0.74787925966088797 0.51685200024127098 0.80865197011412471 0.46118560645950041 0.10441818543087349 0.98662516381218224 0.14620301945210662 0.13749922595503944 0.62113347598129354 0.93499717838551888 0.0084573222091080431 0.26389878820525897 0.81041677471163898 0.052762245171367225 0.56923405303801655 0.023280013999107552 0.22916321731254125 0.36359670702802799 0.30051403502387891 0.34604409267871256 0.45614729095677436 0.95234568450382107 0.76135472358755563 0.58161801757505849 0.091393395432154786 0.58309902750928688 0.91494161891442283 0.67007688009444311 0.50104666030746614 0.61374578814298242 0.033232739974495981 0.83285825231319532 0.98100728658542702 0.029365390061813091 0.92877364690330999 0.51411473836626453 0.20559250624069975 0.80096555737864172 0.97361289036910448 0.9265531570733444 0.75309921324889706 0.92224506139747187 0.29609172647038356 0.65808083407363949 0.34286097124696086 0.5874192949882604 0.26777361779629621 0.62914585730586969 0.47657213217362154 0.78671569647916129 0.46806857680533626 0.26609839194067703 0.28382106979958094 0.60197041800561646 0.54732301065777633 0.85780681308144746 0.51186076285381554 0.63622060247041601 0.20775681229302839 0.29950326303877189 0.22289807977092707 0.81421951790616287 0.21860782163862175 0.99470519654421874 0.55333783763294764 0.41173257907250188 0.092740963621500347 0.27925644608905459 0.54536207979681683 0.91984290495063792 0.44396579825143151 0.092885156836611624 0.92627361158551613 0.43711691706844708 0.56832661837264153 0.10252594279274445 0.97762034932372155 0.77304589336306551 0.067322466650449872 0.30076406508668879 0.80219524111928042 0.92417812736853544 0.54122835839375516 0.85793871992192672 0.83482478786507897 0.89519470068851037 0.6676545947882091 0.082905601888802069 0.53382193091359587 0.89437315686211583 0.65569467053359876 0.086387608041647621 0.29956057645395479 0.73552041251897404 0.75524881587136516 0.063880796168086992 0.3050102766155523 0.70406445153209318 0.86476895732113301 0.86544705586570003 0.57696940014209264 0.5734290328475925 0.54011084264776388 0.23460001821399684 0.35270738952958308 0.65167739549700798 0.11173117401632497 0.26343482961079129 0.8679394086292187 0.94869166295886653 0.7258968562313467 0.38287723174445271 0.43234692555674731 0.70438839365758621 0.85257255629324313 0.02782695711877874 0.56524900863681116 0.33308779574036379 0.18264800685158161 0.79733487332644926 0.64518037678168561 0.88837550359616857 0.52993889249725001 0.63090442659484913 0.50358398014443895 0.56820737121339382 0.41083801237172651 0.16986942233371088 0.6697813024473801 0.61173612124136156 0.93681607711639059 0.20190164403707916 0.68132040174253561 0.61387726487780891 0.93404050206540967 0.23861012852778202 0.32527284683989693 0.68495533372512374 0.75348611049866554 0.99507477230536034 0.75863985119845401 0.25518461989315139 0.36355502715493532 0.053369560810576019 0.07173845982406761 0.9828546264610849 0.55382982716266216 0.36054368336492798 0.81477418667150581 0.73092785636270008 0.68095985688973137 0.68368956706444139 0.94390665289675013 0.51363882821393658 0.058308563887003936 0.20344917490638065 0.44496755211382338 0.56624195462276272 0.60446980154377317 0.9419339999629327 0.73744350809215897 0.40517892799469885 0.76839617383041492 0.77058838480763625 0.46822989762102024 0.61049550324680135 0.13432840983531996 0.26453856376502299 0.42816749774428625 0.80133756784856347 0.11799472651710856 0.23934813431800711 0.47158347720214971 0.54540580717052212 0.6642693747884546 0.10551559953748017 0.36642128577184924 0.14506860956533613 0.73444409583956893 0.17550403925793895 0.54322894795533039 0.23241519566272301 0.41582948597466457 0.38962783864221989 0.051967196610792785 0.044070520391530629 0.47245675446716934 0.2351574372312481 0.50338212850061026 0.30529463817583163 0.46349711077874561 0.41245381730457314 0.23149144649823822 